2
13
14
15
16
17
21
25
26
27
28
31
32
33
34
43
44
45
46
47
48
49
50
52
53
54
55
60
61
62
63
70
71
72
73
84
85
86
87
116
117
118
119
133
134
135
136
140
141
142
143
158
159
160
161
168
169
170
171
194
195
196
197
220
221
222
223
236
237
238
239
251
252
253
254
257
258
259
260
269
270
271
272
282
283
284
285
300
301
302
303
308
309
310
311
316
317
318
319
332
333
334
335
349
350
351
352
361
362
363
364
371
372
373
374
377
378
379
380
383
384
385
386
389
390
391
392
397
398
399
400
401
402
403
404
411
412
413
414
417
418
419
420
427
428
429
430
437
438
439
440
446
447
448
449
453
454
455
456
474
475
476
477
493
494
495
496
